0 26.822368621826172
1 55.13410949707031
2 37.302085876464844
3 46.07924270629883
[1.12477566 1.01698676 0.33199274 0.33199274]
0.04443195719126125
cifar4_e2_p2.pth
There is attack with target class 1

0 48.00897216796875
1 21.481876373291016
2 174.5524139404297
3 68.76103210449219
[0.29605122 1.05292828 3.31451471 0.29605122]
2.786890718198265e-09
cifar4_e4_p1.pth
There is attack with target class 2

0 14.680152893066406
1 10.791173934936523
2 17.874408721923828
3 18.288715362548828
[0.59705016 2.05085703 0.59705016 0.75192934]
0.3286251812597635
cifar4_e0_p2.pth
No Attack!

0 46.26549530029297
1 8.837018966674805
2 38.39280700683594
3 33.18097686767578
[1.0803165  2.77846115 0.268663   0.268663  ]
0.25772422454466704
cifar4_e3.pth
No Attack!

0 8.508780479431152
1 19.990768432617188
2 10.512145042419434
3 13.332876205444336
[0.95459382 2.25615639 0.39438568 0.39438568]
0.00189488310518382
cifar4_e0.pth
There is attack with target class 1

0 6.8286051750183105
1 34.33553695678711
2 7.5221452713012695
3 13.906817436218262
[0.74057786 4.50174686 0.60840164 0.60840164]
1.4082551086369577e-06
cifar4_e0_p0.pth
There is attack with target class 1

0 15.096710205078125
1 6.073182106018066
2 16.669872283935547
3 32.882686614990234
[0.10013331 1.24884619 0.10013331 2.16405646]
0.00017390665689387408
cifar4_e2_p0.pth
There is attack with target class 3

0 24.457595825195312
1 165.78704833984375
2 27.7877197265625
3 25.8170166015625
[ 0.94982947 56.30045307  0.39915003  0.39915003]
0.0
cifar4_e4_p0.pth
There is attack with target class 1

0 59.190757751464844
1 11.695273399353027
2 51.715999603271484
3 34.66857147216797
[0.88008511 1.73266866 0.46889439 0.46889439]
0.207564484983907
cifar4_e4.pth
No Attack!

0 28.9547119140625
1 85.73666381835938
2 36.16014862060547
3 110.9864730834961
[0.76008021 0.58889929 0.58889929 1.18876376]
0.001709599596511624
cifar4_e4_p2.pth
There is attack with target class 3

0 14.941109657287598
1 11.673027992248535
2 59.11463165283203
3 14.264432907104492
[ 0.13965732  1.20932218 18.37334354  0.13965732]
0.0
cifar4_e1_p1.pth
There is attack with target class 2

0 15.706623077392578
1 6.586232662200928
2 32.9893913269043
3 19.55308723449707
[0.20007941 1.14890009 1.59789711 0.20007941]
0.0025186354671006272
cifar4_e0_p1.pth
There is attack with target class 2

0 7.703885555267334
1 14.292201042175293
2 12.2175874710083
3 16.134695053100586
[1.91166487 0.3572293  0.3572293  0.9917502 ]
0.18520279555107155
cifar4_e1_p0.pth
No Attack!

0 17.659854888916016
1 37.26787567138672
2 25.65491485595703
3 37.4406623840332
[1.57970421 0.66460129 0.66460129 0.68437821]
0.13066215838765893
cifar4_e1_p2.pth
No Attack!

0 43.172264099121094
1 40.26691818237305
2 151.62191772460938
3 47.296173095703125
[ 0.39570828  0.95327122 20.41679054  0.39570828]
0.0
cifar4_e3_p1.pth
There is attack with target class 2

0 16.17865562438965
1 10.87622356414795
2 21.459402084350586
3 20.29410171508789
[0.52565035 1.88016949 0.82332915 0.52565035]
0.2650139900044124
cifar4_e2.pth
No Attack!

0 18.788955688476562
1 45.79831314086914
2 29.169052124023438
3 25.76728057861328
[1.12793531 2.38215439 0.22104419 0.22104419]
2.053791715994624e-05
cifar4_e3_p0.pth
There is attack with target class 1

0 14.03783893585205
1 2.709368944168091
2 17.30739974975586
3 14.509581565856934
[0.09731753 4.77130118 1.25166197 0.09731753]
0.37296435755005275
cifar4_e1.pth
No Attack!

0 33.674617767333984
1 77.09171295166016
2 41.48040771484375
3 67.90802001953125
[0.82828473 0.88258149 0.52069477 0.52069477]
0.012145603647091718
cifar4_e3_p2.pth
There is attack with target class 1

0 31.272146224975586
1 24.122230529785156
2 115.65020751953125
3 33.61140060424805
[ 0.16627409  1.18270541 11.82890295  0.16627409]
0.0
cifar4_e2_p1.pth
There is attack with target class 2
